57 38
97 2
4 93
60 37
24 74
92 6
55 45
98 2
42 60
68 30
46 66
37 74
11 84
98 0
34 65
13 89
35 62
70 29
83 18
79 20
49 48
74 25
0 95
99 0
22 68
65 35
40 56
3 95
32 51
48 52
23 78
91 4
88 10
44 51
6 93
87 28
41 69
42 53
29 66
93 8
11 90
88 8
3 93
86 12
20 80
99 99
91 7
84 17
51 49
87 11
78 16
36 64
93 6
60 39
96 3
36 70
19 77
44 64
54 40
45 53
69 28
35 61
4 94
81 16
55 37
58 42
30 66
79 21
80 22
52 25
99 1
26 73
23 56
1 98
25 64
58 38
27 75
56 44
39 62
81 20
7 90
27 75
88 13
29 70
73 73
31 48
30 69
69 26
38 64
57 48
51 50
4 94
69 28
99 0
96 1
28 73
52 47
22 74
22 80
53 48
