3628800
362880
40320
362880
39916800
40320
40320
40320
362880
39916800
120
24
3628800
39916800
6227020800
3628800
6227020800
6227020800
362880
5040
720
40320
5040
24
3628800
5040
24
40320
120
24
6227020800
39916800
6227020800
39916800
24
120
39916800
720
40320
5040
6227020800
720
6227020800
120
479001600
39916800
40320
40320
5040
6227020800
720
40320
40320
3628800
5040
720
720
5040
39916800
40320
3628800
5040
39916800
3628800
479001600
120
39916800
362880
720
5040
362880
24
720
120
479001600
3628800
3628800
479001600
6227020800
40320
479001600
39916800
720
39916800
720
6227020800
120
24
6227020800
479001600
24
479001600
120
40320
720
120
120
40320
5040
5040
